       N       E                     dE             d eps       ncg     rms          rms(c)
DAV:   1     0.459579595899E+02    0.45958E+02   -0.25527E+03  6120   0.649E+02
DAV:   2    -0.200966183276E+02   -0.66055E+02   -0.65585E+02  5526   0.126E+02
DAV:   3    -0.348702674765E+02   -0.14774E+02   -0.14764E+02  4166   0.627E+01
