       N       E                     dE             d eps       ncg     rms          rms(c)
DAV:   1     0.892634133584E+02    0.89263E+02   -0.12767E+04 13300   0.146E+03
DAV:   2    -0.592012133582E+02   -0.14846E+03   -0.14535E+03 16985   0.226E+02
