       N       E                     dE             d eps       ncg     rms          rms(c)
DAV:   1     0.558171819991E+03    0.55817E+03   -0.72566E+04 27384   0.161E+03
DAV:   2    -0.266010572556E+03   -0.82418E+03   -0.79399E+03 33924   0.310E+02
DAV:   3    -0.311560329655E+03   -0.45550E+02   -0.45085E+02 33396   0.725E+01
DAV:   4    -0.312382724203E+03   -0.82239E+00   -0.82084E+00 34176   0.106E+01
