       N       E                     dE             d eps       ncg     rms          rms(c)
DAV:   1     0.899652196715E+02    0.89965E+02   -0.12688E+04 13300   0.145E+03
DAV:   2    -0.587388135797E+02   -0.14870E+03   -0.14571E+03 16992   0.225E+02
