       N       E                     dE             d eps       ncg     rms          rms(c)
DAV:   1     0.627579002421E+03    0.62758E+03   -0.71228E+04 26756   0.163E+03
DAV:   2    -0.257033603615E+03   -0.88461E+03   -0.83950E+03 33510   0.322E+02
DAV:   3    -0.312547504141E+03   -0.55514E+02   -0.54798E+02 31612   0.811E+01
DAV:   4    -0.313811318705E+03   -0.12638E+01   -0.12606E+01 33256   0.131E+01
