       N       E                     dE             d eps       ncg     rms          rms(c)
DAV:   1     0.627569592225E+03    0.62757E+03   -0.71228E+04 26756   0.163E+03
DAV:   2    -0.257024905463E+03   -0.88459E+03   -0.83943E+03 33502   0.322E+02
DAV:   3    -0.312545968163E+03   -0.55521E+02   -0.54805E+02 31604   0.811E+01
DAV:   4    -0.313809844199E+03   -0.12639E+01   -0.12605E+01 33176   0.131E+01
