       N       E                     dE             d eps       ncg     rms          rms(c)
DAV:   1     0.717588129678E+03    0.71759E+03   -0.83629E+04 12768   0.200E+03
DAV:   2    -0.253323252375E+03   -0.97091E+03   -0.93508E+03 15960   0.341E+02
DAV:   3    -0.312881359532E+03   -0.59558E+02   -0.58967E+02 15564   0.833E+01
