       N       E                     dE             d eps       ncg     rms          rms(c)
DAV:   1     0.558170526558E+03    0.55817E+03   -0.72566E+04 27384   0.161E+03
DAV:   2    -0.265982918933E+03   -0.82415E+03   -0.79396E+03 33912   0.310E+02
DAV:   3    -0.311559239488E+03   -0.45576E+02   -0.45110E+02 33384   0.725E+01
DAV:   4    -0.312382579211E+03   -0.82334E+00   -0.82178E+00 34104   0.106E+01
