       N       E                     dE             d eps       ncg     rms          rms(c)
DAV:   1     0.898392950729E+02    0.89839E+02   -0.12559E+04 13300   0.144E+03
DAV:   2    -0.577360036514E+02   -0.14758E+03   -0.14439E+03 16902   0.224E+02
