       N       E                     dE             d eps       ncg     rms          rms(c)
DAV:   1     0.627577676077E+03    0.62758E+03   -0.71228E+04 26756   0.163E+03
DAV:   2    -0.257042703508E+03   -0.88462E+03   -0.83951E+03 33502   0.322E+02
DAV:   3    -0.312547728035E+03   -0.55505E+02   -0.54789E+02 31612   0.811E+01
