       N       E                     dE             d eps       ncg     rms          rms(c)
DAV:   1     0.627571071949E+03    0.62757E+03   -0.71228E+04 26756   0.163E+03
DAV:   2    -0.257013502237E+03   -0.88458E+03   -0.83947E+03 33494   0.322E+02
DAV:   3    -0.312545681738E+03   -0.55532E+02   -0.54814E+02 31620   0.811E+01
DAV:   4    -0.313810991388E+03   -0.12653E+01   -0.12620E+01 33200   0.131E+01
