       N       E                     dE             d eps       ncg     rms          rms(c)
DAV:   1     0.892158903342E+02    0.89216E+02   -0.12543E+04 13300   0.144E+03
DAV:   2    -0.582460864625E+02   -0.14746E+03   -0.14442E+03 16845   0.224E+02
DAV:   3    -0.705593439562E+02   -0.12313E+02   -0.12267E+02 16973   0.657E+01
