       N       E                     dE             d eps       ncg     rms          rms(c)
DAV:   1     0.743222567966E+03    0.74322E+03   -0.83531E+04 12464   0.205E+03
DAV:   2    -0.248209852596E+03   -0.99143E+03   -0.94149E+03 15668   0.353E+02
